
function midgetRGCDendriticFieldRadius = CoweyPerryData()
    midgetRGCDendriticFieldRadius = [...
7.865168539326E-1	2.139552450194E-2; ...
1.741573033708E0	1.631337928430E-2; ...
2.022471910112E0	2.092342555000E-2; ...
2.528089887640E0	2.300302143329E-2; ...
2.247191011236E0	1.671230289869E-2; ...
3.146067415730E0	1.583419884808E-2; ...
3.876404494382E0	2.084552922293E-2; ...
3.876404494382E0	1.580351241620E-2; ...
4.494382022472E0	1.871872344443E-2; ...
4.606741573034E0	1.325181758096E-2; ...
5.056179775281E0	1.743461429516E-2; ...
5.449438202247E0	1.237607402512E-2; ...
5.730337078652E0	1.530544802191E-2; ...
6.292134831461E0	1.822301954490E-2; ...
5.842696629213E0	3.126711358701E-2; ...
6.067415730337E0	2.621565480125E-2; ...
6.741573033708E0	2.156548012463E-2; ...
6.853932584270E0	3.080445661411E-2; ...
7.359550561798E0	2.574119535455E-2; ...
7.415730337079E0	3.540270040601E-2; ...
7.415730337079E0	4.044471721273E-2; ...
8.033707865169E0	2.571286941743E-2; ...
8.146067415730E0	1.898545935228E-2; ...
7.696629213483E0	1.522283070532E-2; ...
9.044943820225E0	3.365357378907E-2; ...
9.101123595506E0	2.986970068926E-2; ...
1.039325842697E1	4.031961099046E-2; ...
1.033707865169E1	3.317911434237E-2; ...
1.157303370787E1	3.564819186101E-2; ...
1.258426966292E1	3.098385421584E-2; ...
1.258426966292E1	2.552166934189E-2; ...
1.213483146067E1	2.512038523274E-2; ...
1.264044943820E1	4.526720800680E-2; ...
1.308988764045E1	4.020630724200E-2; ...
1.342696629213E1	3.515012746672E-2; ...
1.432584269663E1	4.981824190350E-2; ...
1.426966292135E1	5.444245113776E-2; ...
1.432584269663E1	6.410395618922E-2; ...
1.522471910112E1	6.532669247474E-2; ...
1.612359550562E1	6.108724388632E-2; ...
1.662921348315E1	5.560381455953E-2; ...
1.634831460674E1	3.796855820980E-2; ...
1.792134831461E1	5.554952318006E-2; ...
1.792134831461E1	5.050750637334E-2; ...
1.882022471910E1	5.004957038995E-2; ...
1.955056179775E1	5.884241336984E-2; ...
1.926966292135E1	7.061892172599E-2; ...
1.971910112360E1	7.480171844019E-2; ...
1.949438202247E1	1.042229251251E-1; ...
2.067415730337E1	8.610612784440E-2; ...
2.084269662921E1	8.063686148617E-2; ...
2.073033707865E1	7.643990180342E-2; ...
2.106741573034E1	7.600557076763E-2; ...
2.157303370787E1	7.514399018034E-2; ...
2.056179775281E1	7.098479841375E-2; ...
2.061797752809E1	6.510008497781E-2; ...
2.073033707865E1	6.005334718157E-2; ...
2.191011235955E1	4.949957511094E-2; ...
2.286516853933E1	6.374516098574E-2; ...
2.297752808989E1	8.516901142479E-2; ...
2.460674157303E1	9.224341421962E-2; ...
2.595505617978E1	7.790104805967E-2; ...
2.606741573034E1	1.035265791710E-1; ...
2.651685393258E1	1.098102162213E-1; ...
2.601123595506E1	1.094112926069E-1; ...
2.696629213483E1	1.144131810027E-1; ...
2.780898876404E1	1.093357567746E-1; ...
2.792134831461E1	9.924700217166E-2; ...
2.904494382022E1	1.248300443773E-1; ...
2.904494382022E1	1.193678595034E-1; ...
2.994382022472E1	1.193300915872E-1; ...
3.084269662921E1	1.331578698895E-1; ...
2.904494382022E1	1.496199603437E-1; ...
3.000000000000E1	1.491596638655E-1; ...
3.219101123596E1	1.805802096119E-1 ...
];
end
