function lcaDiopters = treeShrewLCA(measuredWavelength, thisWavelength)
% Generate longitudinal chromatic aberration defocus for the TreeShrew eye
%
% Syntax:
%   lcaDiopters = treeShrewLCA(measuredWavelength, thisWavelength)
%
% Description:
%   Returns tabulated LCA estimate for tree shrew, tabulated data provided
%   by Austin Roorda.
%
% Inputs:
%   measuredWavelength   - Wavelength assumed to be in focus
%   thisWavelength       - Wavelength we are interested in now
%
% Outputs:
%   lcaDiopters          - LCA difference in diopters (measured-this)
%
% Optional key/value pairs
%   None.
%
% See also: opticsTreeShrewCreate

% History:
%   08/xx/22  ncp  Wrote it.


    threeShrewPowerFromRoordaExcelFile = [ ...
        400	236.600886; ...
        410	235.9661595; ...
        420	235.3807641; ...
        430	234.8390898; ...
        440	234.3363042; ...
        450	233.8682295; ...
        460	233.4312405; ...
        470	233.0221805; ...
        480	232.6382918; ...
        490	232.2771573; ...
        500	231.9366517; ...
        510	231.6149006; ...
        520	231.3102465; ...
        530	231.021219; ...
        540	230.7465102; ...
        550	230.4849541; ...
        560	230.235508; ...
        570	229.9972371; ...
        580	229.769302; ...
        590	229.5509461; ...
        600	229.341487; ...
        610	229.1403068; ...
        620	228.9468457; ...
        630	228.7605949; ...
        640	228.581091; ...
        650	228.4079114; ...
        660	228.2406699; ...
        670	228.0790127; ...
        680	227.9226151; ...
        690	227.7711787; ...
        700	227.624429; ...
        710	227.4821124; ...
        720	227.343995; ...
        730	227.2098601; ...
        740	227.0795069; ...
        750	226.952749; ...
        760	226.8294132; ...
        770	226.7093383; ...
        780	226.5923738; ...
        790	226.4783794; ...
        800	226.3672238; ...
        810	226.2587842; ...
        820	226.1529454; ...
        830	226.0495994; ...
        840	225.9486446; ...
        850	225.8499856; ...
        860	225.7535324; ...
        870	225.6592003; ...
        880	225.5669093; ...
        890	225.4765837; ...
        900	225.388152];

    powerThisWavelength = interp1(...
        threeShrewPowerFromRoordaExcelFile(:,1), ...
        threeShrewPowerFromRoordaExcelFile(:,2), thisWavelength);
    
    powerMeasuredWavelength = interp1(...
        threeShrewPowerFromRoordaExcelFile(:,1), ...
        threeShrewPowerFromRoordaExcelFile(:,2), measuredWavelength);

    lcaDiopters = powerMeasuredWavelength - powerThisWavelength;
end