function loadRawData(obj)
    %
    [obj.centerData, obj.surroundData] = loadCronerKaplanCenterSurroundData();

end

function [center, surround] = loadCronerKaplanCenterSurroundData()
 
  centerRadiusDegsData = [ ...
        3.223585369633E-1	3.080178668876E-2; ...
        9.780167215743E-1	2.147624148594E-2; ...
        1.163584426434E0	3.013157628797E-2; ...
        1.256179639024E0	3.567031145785E-2; ...
        8.800317992872E-1	5.053944256927E-2; ...
        1.904723406835E0	7.201932210926E-2; ...
        1.953500279591E0	5.887179901773E-2; ...
        2.561836813065E0	5.335125411808E-2; ...
        2.610398097432E0	4.158780847667E-2; ...
        2.004055756547E0	3.430563696263E-2; ...
        2.844796572145E0	3.674960082463E-2; ...
        2.566525860501E0	2.324756957778E-2; ...
        2.565394021465E0	3.051397619096E-2; ...
        2.004648624613E0	3.049942397478E-2; ...
        3.780018998727E0	3.262162216788E-2; ...
        3.360322304640E0	2.707439820523E-2; ...
        4.014902547312E0	2.466924025305E-2; ...
        4.668728230626E0	2.710835337632E-2; ...
        4.058343607467E0	4.577763405219E-2; ...
        4.337261084275E0	5.512743294864E-2; ...
        4.756580498683E0	6.309679244902E-2; ...
        5.459775922819E0	4.858216949290E-2; ...
        6.159521932750E0	5.621278573883E-2; ...
        6.485491575210E0	6.348768114477E-2; ...
        6.905619446073E0	6.626675020717E-2; ...
        6.951431978495E0	7.215029205489E-2; ...
        6.674939871051E0	4.722962184449E-2; ...
        5.787685860770E0	4.340036784769E-2; ...
        5.321314280710E0	3.750591183782E-2; ...
        6.069891060493E0	3.164298562969E-2; ...
        6.255943839225E0	3.718414616893E-2; ...
        7.469814257130E0	4.413606322129E-2; ...
        7.658076816837E0	3.549042989672E-2; ...
        7.145138144997E0	2.855670311458E-2; ...
        8.640459203266E0	2.859550902440E-2; ...
        8.591035565347E0	4.589526446632E-2; ...
        1.008592544684E1	4.870222527639E-2; ...
        9.664719634039E0	5.284354346464E-2; ...
        9.617559674192E0	5.561048568022E-2; ...
        9.756236904690E0	6.530266588516E-2; ...
        9.474947955616E0	7.117771894011E-2; ...
        8.399593076918E0	7.495604018029E-2; ...
        1.045528225236E1	7.743153384401E-2; ...
        1.106205577002E1	8.194555045779E-2; ...
        9.803935835506E0	5.907553004426E-2; ...
        1.083051384145E1	6.844473189563E-2; ...
        1.144316214268E1	3.524263799341E-2; ...
        1.218904406761E1	4.668067991188E-2; ...
        1.279457795205E1	5.915314186390E-2; ...
        1.331101993519E1	4.359561008145E-2; ...
        1.391784734995E1	4.776360733270E-2; ...
        1.442997756533E1	5.988762455282E-2; ...
        1.396058774784E1	7.337025284476E-2; ...
        1.489338480506E1	8.481314550195E-2; ...
        1.367412467746E1	1.124631647028E-1; ...
        1.475023411551E1	1.038405723872E-1; ...
        1.577842903437E1	1.028291933626E-1; ...
        1.614757025150E1	1.329425793803E-1; ...
        1.669694336089E1	2.059672170908E-1; ...
        1.708942202101E1	8.625421913212E-2; ...
        1.606354467732E1	7.238676556784E-2; ...
        1.573708996099E1	6.822604442468E-2; ...
        1.564810585390E1	3.950401196516E-2; ...
        1.854146371041E1	6.414657315520E-2; ...
        1.891356926788E1	7.522889423368E-2; ...
        2.054940005794E1	7.319522202235E-2; ...
        2.124941555335E1	7.909574145563E-2; ...
        2.124839150851E1	8.567010934374E-2; ...
        2.218054180057E1	1.012652343513E-1; ...
        2.292820232970E1	1.012846373062E-1; ...
        2.334795292089E1	1.064858419063E-1; ...
        2.316292418700E1	9.437031347899E-2; ...
        2.419144248843E1	9.128281827920E-2; ...
        2.475337362141E1	8.368494451968E-2; ...
        2.796865883811E1	1.415538533056E-1; ...
        2.820133260572E1	1.477882652546E-1; ...
        3.025853089988E1	1.405752167674E-1; ...
        3.193893458914E1	1.523835317420E-1; ...
        3.529462174344E1	2.088720011318E-1 ...
    ];
    
    centerRETINALRadiusDegsData = [...
1.030235162374E0	4.564091078761E-2; ...
1.926091825308E0	4.928518103770E-2; ...
2.284434490482E0	4.594288913774E-2; ...
1.926091825308E0	7.695184770437E-2; ...
4.703247480403E0	6.854908547966E-2; ...
4.479283314670E-1	2.598880179171E-2; ...
1.254199328108E0	2.963531168346E-2; ...
4.927211646137E-1	2.132101530422E-2; ...
1.298992161254E0	2.263419186264E-2; ...
2.105263157895E0	2.561403508772E-2; ...
2.508398656215E0	3.460395670026E-2; ...
1.209406494961E0	1.896976483763E-2; ...
1.119820828667E0	8.638671145950E-3; ...
1.030235162374E0	2.640910787607E-3; ...
2.463605823068E0	7.271743187757E-3; ...
3.986562150056E0	2.190033594625E-2; ...
3.628219484882E0	7.242627846211E-3; ...
5.554311310190E0	2.419447555058E-2; ...
3.986562150056E0	3.856700261292E-2; ...
4.255319148936E0	4.289361702128E-2; ...
2.866741321389E0	2.359499813363E-2; ...
2.329227323628E0	1.594176931691E-2; ...
4.389697648376E0	1.055692422546E-2; ...
5.285554311310E0	3.253452780888E-2; ...
5.195968645017E0	3.653676745054E-2; ...
5.912653975364E0	3.818551698395E-2; ...
6.002239641657E0	4.218327734229E-2; ...
6.405375139978E0	4.617319895483E-2; ...
6.270996640538E0	5.484322508399E-2; ...
6.808510638298E0	5.782978723404E-2; ...
6.584546472564E0	3.750205300485E-2; ...
6.226203807391E0	3.384434490482E-2; ...
6.226203807391E0	2.951101157148E-2; ...
7.032474804031E0	1.549085479657E-2; ...
7.077267637178E0	1.382306830907E-2; ...
7.256438969765E0	7.151922359089E-3; ...
8.645016797312E0	1.045054124673E-2; ...
7.525195968645E0	2.147853676745E-2; ...
7.614781634938E0	2.947629712579E-2; ...
8.421052631579E0	3.212280701754E-2; ...
8.421052631579E0	4.912280701754E-2; ...
9.272116461366E0	6.076819708847E-2; ...
9.585666293393E0	5.276035834267E-2; ...
9.630459126540E0	4.909257185517E-2; ...
9.496080627100E0	4.309593131766E-2; ...
9.899216125420E0	3.708585293020E-2; ...
1.039193729003E1	2.807353490108E-2; ...
1.119820828667E1	1.772004479283E-2; ...
1.030235162374E1	6.040910787607E-2; ...
1.097424412094E1	6.805897723031E-2; ...
1.115341545353E1	5.538783128033E-2; ...
1.285554311310E1	4.667861142217E-2; ...
1.222844344905E1	3.569428891377E-2; ...
1.272116461366E1	3.468197088466E-2; ...
1.321388577828E1	3.066965285554E-2; ...
1.357222844345E1	2.799402762225E-2; ...
1.406494960806E1	3.631504292647E-2; ...
1.379619260918E1	6.032176185144E-2; ...
1.482642777156E1	5.962933930571E-2; ...
1.379619260918E1	8.198842851810E-2; ...
1.460246360582E1	9.430160507652E-2; ...
1.572228443449E1	8.794027622247E-2; ...
1.697648376260E1	6.057558790594E-2; ...
1.576707726764E1	4.760582306831E-2; ...
1.657334826428E1	4.491899962673E-2; ...
1.594624860022E1	2.893467711833E-2; ...
1.563269876820E1	5.609182530795E-3; ...
1.849944008959E1	3.120418066443E-2; ...
1.885778275476E1	5.152855543113E-2; ...
5.867861142217E0	1.818663680478E-2; ...
2.051511758119E1	5.182045539380E-2; ...
2.118701007839E1	5.047032474804E-2; ...
2.199328107503E1	6.711683463979E-2; ...
2.279955207167E1	7.776334453154E-2; ...
2.324748040314E1	7.608547965659E-2; ...
2.423292273236E1	6.272751026502E-2; ...
2.459126539754E1	4.871855169839E-2; ...
2.817469204927E1	1.052956326988E-1; ...
3.010078387458E1	1.062474804031E-1; ...
3.511758118701E1	1.727887271370E-1; ...
3.180291153415E1	6.020492721165E-2; ...
3.910414333707E1	5.535572974991E-2; ...
1.603583426652E1	1.299324374767E-1; ...
2.302351623740E1	6.442441209406E-2; ...
1.419932810750E1	5.531168346398E-2 ...
]; 
