function loadRawData(obj)
    %
    [obj.centerData, obj.surroundData] = loadCronerKaplanCenterSurroundData();
    obj.surroundCenterRatiosData = loadCronerKaplanCenterSurroundRelationshipData();
    obj.recordedEccentricitiesData = loadCronerKaplanEccentricityCoords();
    
end

function eccCoords = loadCronerKaplanEccentricityCoords()
    eccCoords = [...
        -3.748417983844E1	2.578973277254E0; ...
        -3.700905211662E1	-7.565110709248E-1; ...
        -2.739396474546E1	9.287282911165E0; ...
        -2.162917694350E1	1.327521342233E1; ...
        -2.098346439220E1	1.147356419759E1; ...
        -1.925670109141E1	1.039710454697E1; ...
        -1.706644085262E1	7.698762698852E0; ...
        -1.967918421274E1	5.976284423677E0; ...
        -2.163886926336E1	1.369881881228E0; ...
        -2.162478989346E1	-7.044786169570E-1; ...
        -2.234324585590E1	-1.518633484925E0; ...
        -3.268352280118E1	-1.138449687933E1; ...
        -3.241193379635E1	-2.473194359070E1; ...
        -2.546152021486E1	-2.209287793033E1; ...
        -2.132810288142E1	-1.774969839031E1; ...
        -1.911407095288E1	-1.061706919551E1; ...
        -1.804220240114E1	-8.539035818223E0; ...
        -1.832409587235E1	-7.006731061079E0; ...
        -1.797680474822E1	-4.840956682982E0; ...
        -1.222068902192E1	1.375799297562E1; ...
        -1.290180404680E1	7.442273308116E0; ...
        -1.207938520085E1	6.272563338035E0; ...
        -1.062349673394E1	5.104995880764E0; ...
        -8.262039519159E0	3.850299569202E0; ...
        -8.699214156908E0	1.594029530968E0; ...
        -7.783238918235E0	-2.632230024256E-2; ...
        -5.447491857176E0	2.506944037055E0; ...
        -5.744688991310E0	6.293988466139E0; ...
        -6.482121495780E0	8.275710791378E0; ...
        -4.941858833912E0	8.010345276142E0; ...
        -3.325179881805E0	9.819646332350E0; ...
        -4.600077028437E0	1.098782593614E1; ...
        -2.894126709228E0	1.297781223936E1; ...
        -1.230924621808E0	7.932704692868E0; ...
        -2.038039804827E0	6.847674991009E0; ...
        -3.665737394245E0	6.661786498598E0; ...
        -3.564223096798E0	5.038680008060E0; ...
        -1.386205788355E0	4.144129897491E0; ...
        -2.458686486611E0	2.156286107080E0; ...
        -4.085159782994E0	1.790018440914E0; ...
        -3.532391477900E0	3.488214904237E-1; ...
        -1.039598227836E1	-1.748800575418E0; ...
        -8.485779071221E0	-3.185406427028E0; ...
        -9.013449369106E0	-5.441982538521E0; ...
        -4.307062895504E0	-5.516256315949E0; ...
        -4.471526259810E0	-7.951987308162E0; ...
        -5.359342758689E0	-1.048035647332E1; ...
        -6.162785062605E0 -1.210652369645E1; ...
        -7.490224785302E0	-1.653040455233E1; ...
        -9.383900036474E0	-1.752891754641E1; ...
        -1.299025921854E1	-1.952533138807E1; ...
        -9.192502225408E0	-1.906152837682E1; ...
        -9.182707881131E0	-2.050456176686E1; ...
        -2.181047433703E1	-2.668030393075E1; ...
        -1.247166909400E1	-2.926427640456E1; ...
        -1.191155503070E1	-3.178774839758E1; ...
        -4.272068519600E0	-2.400542769912E1; ...
        5.730711645832E-1	-1.785600783548E1; ...
        3.083177958644E0	-2.767840882715E1; ...
        4.356136641305E0	-1.522765473916E1; ...
        9.790263299521E-1	-1.100006886648E1; ...
        1.874188587038E0	-9.553974743855E0; ...
        -2.588869645950E0	-5.330061750280E0; ...
        -3.053590876976E0	-3.527800379021E0; ...
        -2.146185689545E0	-3.885497993945E0; ...
        -1.536589782765E0	-3.659615929073E-1; ...
        -9.838214776707E-1	-1.807158543397E0; ...
        -5.601140633011E-1	2.433282406144E0; ...
        8.853679128099E-1	2.798937925793E0; ...
        -4.598240588885E-1	9.905550893606E-1; ...
        1.224293034539E-3	-2.705687606329E-1; ...
        -1.997638134688E0	8.951622570862E-1; ...
        8.951622570862E-1	1.355904535751E0; ...
        -2.693444675982E-2	3.878152235738E0; ...
        -3.434550059557E0	-7.331474788491E-1; ...
        -5.975774301579E0	3.405575124406E-1; ...
        4.616604984403E-1	-1.441503023749E0; ...
        1.358047048561E0	-1.757880748757E-1; ...
        3.175918156011E0	-1.342131239112E0; ...
        2.274634433752E0	-1.886329492964E0; ...
        2.193320971375E0	-3.239479369387E0; ...
        3.020024842946E0	-5.040516447612E0; ...
        4.293085550026E0	-5.938127290767E0; ...
        2.066096520202E0	2.171589770011E0; ...
        3.058488049115E0	2.625904510245E0; ...
        3.968341822615E0	1.907448547810E0; ...
        4.426941588469E0	1.007083045327E0; ...
        4.220240114471E0	4.794433547670E0; ...
        2.213419782025E0	7.132629194798E0; ...
        4.028230156888E0	6.417233964949E0; ...
        5.918844675473E0	7.866694893423E0; ...
        9.151590433170E0	1.157548659272E1; ...
        1.029375380997E1	1.663008241022E1; ...
        6.240935767976E0	2.707860726465E1; ...
        1.355159757488E1	1.664110104754E1; ...
        1.554627700140E1	2.758332206814E0; ...
        1.232822276012E1	-3.115009577542E0; ...
        1.162874333972E1	-6.725041638716E0; ...
        1.271469126135E1	-6.721368759613E0; ...
        8.082272491921E0	-4.211670063230E0; ...
        7.649995026310E0	-7.189456796484E0; ...
        7.493489566728E0	-1.079765241811E1; ...
        7.684275231277E0	-1.224007366163E1; ...
        1.117514277042E1	-1.989455776240E1; ...
        1.481639430398E1	-2.303895037277E1; ...
        1.546700402741E1	-2.556211629253E1; ...
        1.040291993889E1	-2.612039391628E1; ...
        1.517419394332E1	-3.575476390274E1; ...
        2.855581883524E1	-2.064749797864E1; ...
        2.408419055101E1	-1.516093076878E1; ...
        2.347989991404E1	7.204556410577E0; ...
        9.835256068540E0	4.182082981562E0; ...
        8.125020723710E0	2.823423786483E0; ...
        8.228983607226E0	8.395589484343E-1; ...
        3.388139151106E1	8.051461117218E0; ...
        3.631620428350E1	9.322379311488E0 ...
    ];
end

